%% Files for povray

wog_10 = [          0         0         0
   -0.0000   -0.0000    0.0017
   -0.0000   -0.0001    0.0033
   -0.0000   -0.0002    0.0050
   -0.0000   -0.0003    0.0067
   -0.0000   -0.0005    0.0083
   -0.0001   -0.0007    0.0100
   -0.0001   -0.0010    0.0116
   -0.0001   -0.0013    0.0132
   -0.0002   -0.0017    0.0149
   -0.0003   -0.0020    0.0165
   -0.0004   -0.0025    0.0181
   -0.0005   -0.0029    0.0197
   -0.0006   -0.0034    0.0213
   -0.0007   -0.0039    0.0229
   -0.0009   -0.0045    0.0244
   -0.0011   -0.0051    0.0260
   -0.0013   -0.0057    0.0275
   -0.0015   -0.0063    0.0290
   -0.0018   -0.0070    0.0305
   -0.0021   -0.0077    0.0320
   -0.0024   -0.0084    0.0335
   -0.0027   -0.0092    0.0349
   -0.0031   -0.0100    0.0364
   -0.0035   -0.0107    0.0378
   -0.0039   -0.0116    0.0392
   -0.0044   -0.0124    0.0405
   -0.0049   -0.0132    0.0419
   -0.0054   -0.0141    0.0432
   -0.0060   -0.0149    0.0445
   -0.0066   -0.0158    0.0458
   -0.0072   -0.0167    0.0471
   -0.0079   -0.0176    0.0483
   -0.0086   -0.0185    0.0495
   -0.0094   -0.0194    0.0507
   -0.0101   -0.0203    0.0519
   -0.0109   -0.0212    0.0530
   -0.0118   -0.0220    0.0542
   -0.0127   -0.0229    0.0553
   -0.0136   -0.0238    0.0564
   -0.0145   -0.0247    0.0574
   -0.0155   -0.0255    0.0585
   -0.0165   -0.0264    0.0595
   -0.0176   -0.0272    0.0605
   -0.0186   -0.0280    0.0615
   -0.0198   -0.0288    0.0624
   -0.0209   -0.0295    0.0634
   -0.0221   -0.0303    0.0643
   -0.0233   -0.0310    0.0652
   -0.0245   -0.0317    0.0661
   -0.0257   -0.0324    0.0670
   -0.0270   -0.0330    0.0678
   -0.0283   -0.0336    0.0687
   -0.0296   -0.0342    0.0695
   -0.0310   -0.0348    0.0703
   -0.0324   -0.0353    0.0711
   -0.0338   -0.0358    0.0719
   -0.0352   -0.0362    0.0727
   -0.0366   -0.0366    0.0734
   -0.0380   -0.0370    0.0742
   -0.0395   -0.0374    0.0749];

wg_10 = [    0         0         0
    0.0000   -0.0000    0.0017
    0.0000   -0.0001    0.0033
    0.0000   -0.0002    0.0050
    0.0000   -0.0003    0.0067
    0.0000   -0.0005    0.0083
   -0.0000   -0.0007    0.0100
   -0.0000   -0.0009    0.0116
   -0.0001   -0.0012    0.0133
   -0.0001   -0.0015    0.0149
   -0.0001   -0.0019    0.0165
   -0.0002   -0.0023    0.0181
   -0.0003   -0.0027    0.0198
   -0.0004   -0.0031    0.0214
   -0.0005   -0.0036    0.0230
   -0.0006   -0.0041    0.0245
   -0.0007   -0.0047    0.0261
   -0.0009   -0.0052    0.0277
   -0.0011   -0.0058    0.0292
   -0.0013   -0.0065    0.0307
   -0.0016   -0.0071    0.0322
   -0.0018   -0.0078    0.0337
   -0.0021   -0.0085    0.0352
   -0.0024   -0.0092    0.0367
   -0.0028   -0.0099    0.0382
   -0.0032   -0.0107    0.0396
   -0.0036   -0.0114    0.0410
   -0.0040   -0.0122    0.0424
   -0.0045   -0.0130    0.0438
   -0.0050   -0.0138    0.0452
   -0.0056   -0.0146    0.0465
   -0.0061   -0.0155    0.0479
   -0.0068   -0.0163    0.0492
   -0.0074   -0.0171    0.0505
   -0.0081   -0.0179    0.0517
   -0.0088   -0.0188    0.0530
   -0.0095   -0.0196    0.0542
   -0.0103   -0.0204    0.0555
   -0.0111   -0.0212    0.0567
   -0.0120   -0.0220    0.0578
   -0.0129   -0.0229    0.0590
   -0.0138   -0.0236    0.0601
   -0.0148   -0.0244    0.0613
   -0.0157   -0.0252    0.0624
   -0.0168   -0.0259    0.0635
   -0.0178   -0.0267    0.0645
   -0.0189   -0.0274    0.0656
   -0.0200   -0.0281    0.0666
   -0.0211   -0.0287    0.0676
   -0.0223   -0.0294    0.0686
   -0.0235   -0.0300    0.0696
   -0.0247   -0.0306    0.0706
   -0.0260   -0.0311    0.0715
   -0.0273   -0.0316    0.0725
   -0.0285   -0.0321    0.0734
   -0.0299   -0.0326    0.0743
   -0.0312   -0.0330    0.0752
   -0.0326   -0.0334    0.0761
   -0.0339   -0.0338    0.0770
   -0.0353   -0.0341    0.0778
   -0.0367   -0.0344    0.0787
   ];


wog_20 = [  0         0         0
   -0.0000   -0.0001    0.0033
   -0.0000   -0.0003    0.0067
   -0.0001   -0.0007    0.0100
   -0.0001   -0.0013    0.0132
   -0.0003   -0.0020    0.0165
   -0.0005   -0.0029    0.0197
   -0.0007   -0.0039    0.0229
   -0.0011   -0.0051    0.0260
   -0.0015   -0.0063    0.0290
   -0.0021   -0.0077    0.0320
   -0.0027   -0.0092    0.0349
   -0.0035   -0.0107    0.0378
   -0.0044   -0.0124    0.0405
   -0.0054   -0.0141    0.0432
   -0.0066   -0.0158    0.0458
   -0.0079   -0.0176    0.0483
   -0.0094   -0.0194    0.0507
   -0.0109   -0.0212    0.0530
   -0.0127   -0.0229    0.0553
   -0.0145   -0.0247    0.0574
   -0.0165   -0.0264    0.0595
   -0.0186   -0.0280    0.0615
   -0.0209   -0.0295    0.0634
   -0.0233   -0.0310    0.0652
   -0.0257   -0.0324    0.0670
   -0.0283   -0.0336    0.0687
   -0.0310   -0.0348    0.0703
   -0.0338   -0.0358    0.0719
   -0.0366   -0.0366    0.0734
   -0.0395   -0.0374    0.0749
   -0.0424   -0.0379    0.0764
   -0.0454   -0.0383    0.0778
   -0.0484   -0.0385    0.0792
   -0.0514   -0.0386    0.0807
   -0.0544   -0.0385    0.0821
   -0.0574   -0.0383    0.0835
   -0.0604   -0.0378    0.0849
   -0.0633   -0.0373    0.0864
   -0.0662   -0.0365    0.0879
   -0.0691   -0.0356    0.0895
   -0.0718   -0.0346    0.0910
   -0.0745   -0.0335    0.0927
   -0.0770   -0.0322    0.0944
   -0.0795   -0.0308    0.0962
   -0.0818   -0.0293    0.0980
   -0.0841   -0.0277    0.0999
   -0.0862   -0.0261    0.1019
   -0.0881   -0.0244    0.1040
   -0.0900   -0.0227    0.1061
   -0.0917   -0.0209    0.1084
   -0.0932   -0.0191    0.1107
   -0.0947   -0.0173    0.1132
   -0.0960   -0.0155    0.1157
   -0.0971   -0.0138    0.1183
   -0.0981   -0.0121    0.1210
   -0.0990   -0.0105    0.1238
   -0.0998   -0.0089    0.1266
   -0.1004   -0.0075    0.1295
   -0.1009   -0.0061    0.1325
   -0.1014   -0.0049    0.1356
 ];

wg_20 = [      0         0         0
    0.0000   -0.0001    0.0033
    0.0001   -0.0003    0.0067
    0.0001   -0.0007    0.0100
    0.0002   -0.0012    0.0133
    0.0002   -0.0018    0.0165
    0.0002   -0.0026    0.0198
    0.0002   -0.0035    0.0230
    0.0002   -0.0045    0.0262
    0.0000   -0.0056    0.0293
   -0.0002   -0.0069    0.0324
   -0.0005   -0.0082    0.0354
   -0.0008   -0.0096    0.0384
   -0.0013   -0.0111    0.0414
   -0.0019   -0.0126    0.0443
   -0.0026   -0.0142    0.0471
   -0.0035   -0.0157    0.0499
   -0.0044   -0.0174    0.0527
   -0.0055   -0.0190    0.0554
   -0.0067   -0.0205    0.0581
   -0.0080   -0.0221    0.0607
   -0.0095   -0.0236    0.0633
   -0.0110   -0.0251    0.0659
   -0.0127   -0.0265    0.0684
   -0.0145   -0.0278    0.0709
   -0.0164   -0.0290    0.0733
   -0.0184   -0.0301    0.0758
   -0.0205   -0.0310    0.0782
   -0.0227   -0.0319    0.0806
   -0.0249   -0.0326    0.0829
   -0.0272   -0.0332    0.0853
   -0.0295   -0.0336    0.0877
   -0.0318   -0.0339    0.0900
   -0.0342   -0.0340    0.0924
   -0.0365   -0.0339    0.0948
   -0.0388   -0.0337    0.0971
   -0.0411   -0.0334    0.0995
   -0.0434   -0.0329    0.1019
   -0.0456   -0.0322    0.1043
   -0.0477   -0.0314    0.1068
   -0.0498   -0.0305    0.1092
   -0.0517   -0.0294    0.1117
   -0.0536   -0.0282    0.1142
   -0.0553   -0.0269    0.1168
   -0.0569   -0.0255    0.1194
   -0.0583   -0.0240    0.1220
   -0.0596   -0.0225    0.1246
   -0.0608   -0.0209    0.1273
   -0.0618   -0.0192    0.1300
   -0.0627   -0.0175    0.1327
   -0.0633   -0.0158    0.1355
   -0.0639   -0.0141    0.1383
   -0.0642   -0.0124    0.1411
   -0.0644   -0.0107    0.1440
   -0.0645   -0.0091    0.1469
   -0.0644   -0.0075    0.1499
   -0.0641   -0.0060    0.1528
   -0.0637   -0.0045    0.1558
   -0.0632   -0.0032    0.1588
   -0.0626   -0.0020    0.1619
   -0.0618   -0.0009    0.1649
  ];


